3
1 0 0
1 0 0
1 0 0
0 1 10
0 0 0
5
1 0 0
1 50 200
1 0 0
1 200 300
1 200 0
0 1 100
1 2 100
2 3 100
3 4 100
4 0 100
1 3 100
0 3 200
1 4 200
0 0 0
9
1 0 0
1 0 410
1 300 410
1 300 0
1 50 50
1 50 200
1 100 400
1 200 300
1 200 0
0 4 50
1 5 200
2 7 200
3 8 50
4 5 300
5 6 500
6 7 300
7 8 300
8 4 300
5 7 300
4 7 400
5 8 400
0 0 0
4
1 50 50
1 200 200
1 350 50
1 0 0
0 1 200
1 2 200
2 0 200
0 3 100
1 3 100
2 3 100
0 0 0

4
1 50 60
1 10 20
1 400 500
1 20 20
0 1 100
1 2 100
2 3 100
3 1 100
0 0 0
4 // mesal bade: 4ta ruye yek khat
1 50 50
1 10 10
1 400 400
1 20 20
0 1 100
1 2 60
2 3 60
3 1 60
0 0 0
3
2 100 300
1 200 300
1 300 300
0 1 50
1 2 50
0 0 0
